[
    [
        [
            [
                [7,0],
                [7,7]
            ],
            [
                [7,7],
                [7,8]
            ]
        ],
        [
            [
                [7,7],
                [8,8]
            ],
            [
                [7,7],
                [8,7]
            ]
        ]
    ],
    [
        7,
        [
            5,
            [
                [3,8],
                [1,4]
            ]
        ]
    ]
]

Explode 1
[
    [
        [
            [
                0,
                [7,7]
            ],
            [
                [7,7],
                [7,8]
            ]
        ],
        [
            [
                [7,7],
                [8,8]
            ],
            [
                [7,7],
                [8,7]
            ]
        ]
    ],
    [
        7,
        [
            5,
            [
                [3,8],
                [1,4]
            ]
        ]
    ]
]

Explode 2
[
    [
        [
            [
                7,
                0
            ],
            [
                [14,7],
                [7,8]
            ]
        ],
        [
            [
                [7,7],
                [8,8]
            ],
            [
                [7,7],
                [8,7]
            ]
        ]
    ],
    [
        7,
        [
            5,
            [
                [3,8],
                [1,4]
            ]
        ]
    ]
]

Explode 3
[
    [
        [
            [
                7,
                14
            ],
            [
                0,
                [14,8]
            ]
        ],
        [
            [
                [7,7],
                [8,8]
            ],
            [
                [7,7],
                [8,7]
            ]
        ]
    ],
    [
        7,
        [
            5,
            [
                [3,8],
                [1,4]
            ]
        ]
    ]
]

Explode 4
[
    [
        [
            [
                7,
                14
            ],
            [
                14,
                0
            ]
        ],
        [
            [
                [15,7],
                [8,8]
            ],
            [
                [7,7],
                [8,7]
            ]
        ]
    ],
    [
        7,
        [
            5,
            [
                [3,8],
                [1,4]
            ]
        ]
    ]
]

Explode 5
[
    [
        [
            [
                7,
                14
            ],
            [
                14,
                15
            ]
        ],
        [
            [
                0,
                [15,8]
            ],
            [
                [7,7],
                [8,7]
            ]
        ]
    ],
    [
        7,
        [
            5,
            [
                [3,8],
                [1,4]
            ]
        ]
    ]
]

Explode 6
[
    [
        [
            [
                7,
                14
            ],
            [
                14,
                15
            ]
        ],
        [
            [
                15,
                0
            ],
            [
                [15,7],
                [8,7]
            ]
        ]
    ],
    [
        7,
        [
            5,
            [
                [3,8],
                [1,4]
            ]
        ]
    ]
]

Explode 7
[
    [
        [
            [
                7,
                14
            ],
            [
                14,
                15
            ]
        ],
        [
            [
                15,
                15
            ],
            [
                0,
                [15,7]
            ]
        ]
    ],
    [
        7,
        [
            5,
            [
                [3,8],
                [1,4]
            ]
        ]
    ]
]

Explode 8
[
    [
        [
            [
                7,
                14
            ],
            [
                14,
                15
            ]
        ],
        [
            [
                15,
                15
            ],
            [
                15,
                0
            ]
        ]
    ],
    [
        14,
        [
            5,
            [
                [3,8],
                [1,4]
            ]
        ]
    ]
]

Explode 9
[
    [
        [
            [
                7,
                14
            ],
            [
                14,
                15
            ]
        ],
        [
            [
                15,
                15
            ],
            [
                15,
                0
            ]
        ]
    ],
    [
        14,
        [
            8,
            [
                0,
                [9,4]
            ]
        ]
    ]
]

Explode 10
[
    [
        [
            [
                7,
                14
            ],
            [
                14,
                15
            ]
        ],
        [
            [
                15,
                15
            ],
            [
                15,
                0
            ]
        ]
    ],
    [
        14,
        [
            8,
            [
                9,
                0
            ]
        ]
    ]
]

Split 11
[
    [
        [
            [
                7,
                [7,7]
            ],
            [
                14,
                15
            ]
        ],
        [
            [
                15,
                15
            ],
            [
                15,
                0
            ]
        ]
    ],
    [
        14,
        [
            8,
            [
                9,
                0
            ]
        ]
    ]
]

Exploded 12
[
    [
        [
            [
                14,
                0
            ],
            [
                21,
                15
            ]
        ],
        [
            [
                15,
                15
            ],
            [
                15,
                0
            ]
        ]
    ],
    [
        14,
        [
            8,
            [
                9,
                0
            ]
        ]
    ]
]

Split 13
[
    [
        [
            [
                [7,7],
                0
            ],
            [
                21,
                15
            ]
        ],
        [
            [
                15,
                15
            ],
            [
                15,
                0
            ]
        ]
    ],
    [
        14,
        [
            8,
            [
                9,
                0
            ]
        ]
    ]
]

Explode 14
[
    [
        [
            [
                0,
                7
            ],
            [
                21,
                15
            ]
        ],
        [
            [
                15,
                15
            ],
            [
                15,
                0
            ]
        ]
    ],
    [
        14,
        [
            8,
            [
                9,
                0
            ]
        ]
    ]
]


Split 15
[
    [
        [
            [
                0,
                7
            ],
            [
                [10,11],
                15
            ]
        ],
        [
            [
                15,
                15
            ],
            [
                15,
                0
            ]
        ]
    ],
    [
        14,
        [
            8,
            [
                9,
                0
            ]
        ]
    ]
]

Explode 16
[
    [
        [
            [
                0,
                17
            ],
            [
                0,
                26
            ]
        ],
        [
            [
                15,
                15
            ],
            [
                15,
                0
            ]
        ]
    ],
    [
        14,
        [
            8,
            [
                9,
                0
            ]
        ]
    ]
]

Split 17
[
    [
        [
            [
                0,
                [8,9]
            ],
            [
                0,
                26
            ]
        ],
        [
            [
                15,
                15
            ],
            [
                15,
                0
            ]
        ]
    ],
    [
        14,
        [
            8,
            [
                9,
                0
            ]
        ]
    ]
]

Ex 18
[
    [
        [
            [
                8,
                0
            ],
            [
                9,
                26
            ]
        ],
        [
            [
                15,
                15
            ],
            [
                15,
                0
            ]
        ]
    ],
    [
        14,
        [
            8,
            [
                9,
                0
            ]
        ]
    ]
]

S 19
[
    [
        [
            [
                8,
                0
            ],
            [
                9,
                [13,13]
            ]
        ],
        [
            [
                15,
                15
            ],
            [
                15,
                0
            ]
        ]
    ],
    [
        14,
        [
            8,
            [
                9,
                0
            ]
        ]
    ]
]

E 20
[
    [
        [
            [
                8,
                0
            ],
            [
                22,
                0
            ]
        ],
        [
            [
                28,
                15
            ],
            [
                15,
                0
            ]
        ]
    ],
    [
        14,
        [
            8,
            [
                9,
                0
            ]
        ]
    ]
]

S 21
[
    [
        [
            [
                8,
                0
            ],
            [
                [11,11],
                0
            ]
        ],
        [
            [
                28,
                15
            ],
            [
                15,
                0
            ]
        ]
    ],
    [
        14,
        [
            8,
            [
                9,
                0
            ]
        ]
    ]
]

E 22
[
    [
        [
            [
                8,
                11
            ],
            [
                0,
                11
            ]
        ],
        [
            [
                28,
                15
            ],
            [
                15,
                0
            ]
        ]
    ],
    [
        14,
        [
            8,
            [
                9,
                0
            ]
        ]
    ]
]

S 23
[
    [
        [
            [
                8,
                [5,6]
            ],
            [
                0,
                11
            ]
        ],
        [
            [
                28,
                15
            ],
            [
                15,
                0
            ]
        ]
    ],
    [
        14,
        [
            8,
            [
                9,
                0
            ]
        ]
    ]
]

E 24
[
    [
        [
            [
                13,
                0
            ],
            [
                6,
                11
            ]
        ],
        [
            [
                28,
                15
            ],
            [
                15,
                0
            ]
        ]
    ],
    [
        14,
        [
            8,
            [
                9,
                0
            ]
        ]
    ]
]


S 25
[
    [
        [
            [
                [6,7],
                0
            ],
            [
                6,
                11
            ]
        ],
        [
            [
                28,
                15
            ],
            [
                15,
                0
            ]
        ]
    ],
    [
        14,
        [
            8,
            [
                9,
                0
            ]
        ]
    ]
]

E 26
[
    [
        [
            [
                0,
                7
            ],
            [
                6,
                11
            ]
        ],
        [
            [
                28,
                15
            ],
            [
                15,
                0
            ]
        ]
    ],
    [
        14,
        [
            8,
            [
                9,
                0
            ]
        ]
    ]
]

S 27
[
    [
        [
            [
                0,
                7
            ],
            [
                6,
                [5,6]
            ]
        ],
        [
            [
                28,
                15
            ],
            [
                15,
                0
            ]
        ]
    ],
    [
        14,
        [
            8,
            [
                9,
                0
            ]
        ]
    ]
]

E 28
[
    [
        [
            [
                0,
                7
            ],
            [
                11,
                0
            ]
        ],
        [
            [
                34,
                15
            ],
            [
                15,
                0
            ]
        ]
    ],
    [
        14,
        [
            8,
            [
                9,
                0
            ]
        ]
    ]
]

S 29
[
    [
        [
            [
                0,
                7
            ],
            [
                [5,6],
                0
            ]
        ],
        [
            [
                34,
                15
            ],
            [
                15,
                0
            ]
        ]
    ],
    [
        14,
        [
            8,
            [
                9,
                0
            ]
        ]
    ]
]

E 30
[
    [
        [
            [
                0,
                12
            ],
            [
                0,
                6
            ]
        ],
        [
            [
                34,
                15
            ],
            [
                15,
                0
            ]
        ]
    ],
    [
        14,
        [
            8,
            [
                9,
                0
            ]
        ]
    ]
]

S 31
[
    [
        [
            [
                0,
                [6,6]
            ],
            [
                0,
                6
            ]
        ],
        [
            [
                34,
                15
            ],
            [
                15,
                0
            ]
        ]
    ],
    [
        14,
        [
            8,
            [
                9,
                0
            ]
        ]
    ]
]

E 32
[
    [
        [
            [
                6,
                0
            ],
            [
                6,
                6
            ]
        ],
        [
            [
                34,
                15
            ],
            [
                15,
                0
            ]
        ]
    ],
    [
        14,
        [
            8,
            [
                9,
                0
            ]
        ]
    ]
]

S 33
[
    [
        [
            [
                6,
                0
            ],
            [
                6,
                6
            ]
        ],
        [
            [
                [17, 17],
                15
            ],
            [
                15,
                0
            ]
        ]
    ],
    [
        14,
        [
            8,
            [
                9,
                0
            ]
        ]
    ]
]

E 34
[
    [
        [
            [
                6,
                0
            ],
            [
                6,
                23
            ]
        ],
        [
            [
                0,
                32
            ],
            [
                15,
                0
            ]
        ]
    ],
    [
        14,
        [
            8,
            [
                9,
                0
            ]
        ]
    ]
]

S 35
[
    [
        [
            [
                6,
                0
            ],
            [
                6,
                [11,12]
            ]
        ],
        [
            [
                0,
                32
            ],
            [
                15,
                0
            ]
        ]
    ],
    [
        14,
        [
            8,
            [
                9,
                0
            ]
        ]
    ]
]

E 36
[
    [
        [
            [
                6,
                0
            ],
            [
                17,
                0
            ]
        ],
        [
            [
                12,
                32
            ],
            [
                15,
                0
            ]
        ]
    ],
    [
        14,
        [
            8,
            [
                9,
                0
            ]
        ]
    ]
]

S 37
[
    [
        [
            [
                6,
                0
            ],
            [
                [8,9],
                0
            ]
        ],
        [
            [
                12,
                32
            ],
            [
                15,
                0
            ]
        ]
    ],
    [
        14,
        [
            8,
            [
                9,
                0
            ]
        ]
    ]
]

E 38
[
    [
        [
            [
                6,
                8
            ],
            [
                0,
                9
            ]
        ],
        [
            [
                12,
                32
            ],
            [
                15,
                0
            ]
        ]
    ],
    [
        14,
        [
            8,
            [
                9,
                0
            ]
        ]
    ]
]

S 39
[
    [
        [
            [
                6,
                8
            ],
            [
                0,
                9
            ]
        ],
        [
            [
                [6,6],
                32
            ],
            [
                15,
                0
            ]
        ]
    ],
    [
        14,
        [
            8,
            [
                9,
                0
            ]
        ]
    ]
]

E 40
[
    [
        [
            [
                6,
                8
            ],
            [
                0,
                15
            ]
        ],
        [
            [
                0,
                38
            ],
            [
                15,
                0
            ]
        ]
    ],
    [
        14,
        [
            8,
            [
                9,
                0
            ]
        ]
    ]
]

S 41
[
    [
        [
            [
                6,
                8
            ],
            [
                0,
                [7,8]
            ]
        ],
        [
            [
                0,
                38
            ],
            [
                15,
                0
            ]
        ]
    ],
    [
        14,
        [
            8,
            [
                9,
                0
            ]
        ]
    ]
]

E 42
[
    [
        [
            [
                6,
                8
            ],
            [
                7,
                0
            ]
        ],
        [
            [
                8,
                38
            ],
            [
                15,
                0
            ]
        ]
    ],
    [
        14,
        [
            8,
            [
                9,
                0
            ]
        ]
    ]
]

S 43
[
    [
        [
            [
                6,
                8
            ],
            [
                7,
                0
            ]
        ],
        [
            [
                8,
                [19,19]
            ],
            [
                15,
                0
            ]
        ]
    ],
    [
        14,
        [
            8,
            [
                9,
                0
            ]
        ]
    ]
]

E 44
[
    [
        [
            [
                6,
                8
            ],
            [
                7,
                0
            ]
        ],
        [
            [
                27,
                0
            ],
            [
                34,
                0
            ]
        ]
    ],
    [
        14,
        [
            8,
            [
                9,
                0
            ]
        ]
    ]
]

S 45
[
    [
        [
            [
                6,
                8
            ],
            [
                7,
                0
            ]
        ],
        [
            [
                [13,14],
                0
            ],
            [
                34,
                0
            ]
        ]
    ],
    [
        14,
        [
            8,
            [
                9,
                0
            ]
        ]
    ]
]

E 46
[
    [
        [
            [
                6,
                8
            ],
            [
                7,
                13
            ]
        ],
        [
            [
                0,
                14
            ],
            [
                34,
                0
            ]
        ]
    ],
    [
        14,
        [
            8,
            [
                9,
                0
            ]
        ]
    ]
]

S 47
[
    [
        [
            [
                6,
                8
            ],
            [
                7,
                [6,7]
            ]
        ],
        [
            [
                0,
                14
            ],
            [
                34,
                0
            ]
        ]
    ],
    [
        14,
        [
            8,
            [
                9,
                0
            ]
        ]
    ]
]

E 48
[
    [
        [
            [
                6,
                8
            ],
            [
                13,
                0
            ]
        ],
        [
            [
                7,
                14
            ],
            [
                34,
                0
            ]
        ]
    ],
    [
        14,
        [
            8,
            [
                9,
                0
            ]
        ]
    ]
]

S 49
[
    [
        [
            [
                6,
                8
            ],
            [
                [6,7],
                0
            ]
        ],
        [
            [
                7,
                14
            ],
            [
                34,
                0
            ]
        ]
    ],
    [
        14,
        [
            8,
            [
                9,
                0
            ]
        ]
    ]
]

E 50
[
    [
        [
            [
                6,
                14
            ],
            [
                0,
                7
            ]
        ],
        [
            [
                7,
                14
            ],
            [
                34,
                0
            ]
        ]
    ],
    [
        14,
        [
            8,
            [
                9,
                0
            ]
        ]
    ]
]

S 51
[
    [
        [
            [
                6,
                [7,7]
            ],
            [
                0,
                7
            ]
        ],
        [
            [
                7,
                14
            ],
            [
                34,
                0
            ]
        ]
    ],
    [
        14,
        [
            8,
            [
                9,
                0
            ]
        ]
    ]
]

E 52
[
    [
        [
            [
                13,
                0
            ],
            [
                7,
                7
            ]
        ],
        [
            [
                7,
                14
            ],
            [
                34,
                0
            ]
        ]
    ],
    [
        14,
        [
            8,
            [
                9,
                0
            ]
        ]
    ]
]

S 53
[
    [
        [
            [
                [6,7],
                0
            ],
            [
                7,
                7
            ]
        ],
        [
            [
                7,
                14
            ],
            [
                34,
                0
            ]
        ]
    ],
    [
        14,
        [
            8,
            [
                9,
                0
            ]
        ]
    ]
]

E 54
[
    [
        [
            [
                0,
                7
            ],
            [
                7,
                7
            ]
        ],
        [
            [
                7,
                14
            ],
            [
                34,
                0
            ]
        ]
    ],
    [
        14,
        [
            8,
            [
                9,
                0
            ]
        ]
    ]
]

S 55
[
    [
        [
            [
                0,
                7
            ],
            [
                7,
                7
            ]
        ],
        [
            [
                7,
                [7,7]
            ],
            [
                34,
                0
            ]
        ]
    ],
    [
        14,
        [
            8,
            [
                9,
                0
            ]
        ]
    ]
]

E 56
[
    [
        [
            [
                0,
                7
            ],
            [
                7,
                7
            ]
        ],
        [
            [
                14,
                0
            ],
            [
                41,
                0
            ]
        ]
    ],
    [
        14,
        [
            8,
            [
                9,
                0
            ]
        ]
    ]
]

S 57
[
    [
        [
            [
                0,
                7
            ],
            [
                7,
                7
            ]
        ],
        [
            [
                [7,7],
                0
            ],
            [
                41,
                0
            ]
        ]
    ],
    [
        14,
        [
            8,
            [
                9,
                0
            ]
        ]
    ]
]

E 58
[
    [
        [
            [
                0,
                7
            ],
            [
                7,
                14
            ]
        ],
        [
            [
                0,
                7
            ],
            [
                41,
                0
            ]
        ]
    ],
    [
        14,
        [
            8,
            [
                9,
                0
            ]
        ]
    ]
]

S 59
[
    [
        [
            [
                0,
                7
            ],
            [
                7,
                [7,7]
            ]
        ],
        [
            [
                0,
                7
            ],
            [
                41,
                0
            ]
        ]
    ],
    [
        14,
        [
            8,
            [
                9,
                0
            ]
        ]
    ]
]

E 60
[
    [
        [
            [
                0,
                7
            ],
            [
                14,
                0
            ]
        ],
        [
            [
                7,
                7
            ],
            [
                41,
                0
            ]
        ]
    ],
    [
        14,
        [
            8,
            [
                9,
                0
            ]
        ]
    ]
]

S 61
[
    [
        [
            [
                0,
                7
            ],
            [
                [7,7],
                0
            ]
        ],
        [
            [
                7,
                7
            ],
            [
                41,
                0
            ]
        ]
    ],
    [
        14,
        [
            8,
            [
                9,
                0
            ]
        ]
    ]
]

E 62
[
    [
        [
            [
                0,
                14
            ],
            [
                0,
                7
            ]
        ],
        [
            [
                7,
                7
            ],
            [
                41,
                0
            ]
        ]
    ],
    [
        14,
        [
            8,
            [
                9,
                0
            ]
        ]
    ]
]

S 63
[
    [
        [
            [
                0,
                [7,7]
            ],
            [
                0,
                7
            ]
        ],
        [
            [
                7,
                7
            ],
            [
                41,
                0
            ]
        ]
    ],
    [
        14,
        [
            8,
            [
                9,
                0
            ]
        ]
    ]
]

E 64
[
    [
        [
            [
                7,
                0
            ],
            [
                7,
                7
            ]
        ],
        [
            [
                7,
                7
            ],
            [
                41,
                0
            ]
        ]
    ],
    [
        14,
        [
            8,
            [
                9,
                0
            ]
        ]
    ]
]

S 65
[
    [
        [
            [
                7,
                0
            ],
            [
                7,
                7
            ]
        ],
        [
            [
                7,
                7
            ],
            [
                [20,21],
                0
            ]
        ]
    ],
    [
        14,
        [
            8,
            [
                9,
                0
            ]
        ]
    ]
]

E 66
[
    [
        [
            [
                7,
                0
            ],
            [
                7,
                7
            ]
        ],
        [
            [
                7,
                27
            ],
            [
                0,
                21
            ]
        ]
    ],
    [
        14,
        [
            8,
            [
                9,
                0
            ]
        ]
    ]
]

S 67
[
    [
        [
            [
                7,
                0
            ],
            [
                7,
                7
            ]
        ],
        [
            [
                7,
                [13,14]
            ],
            [
                0,
                21
            ]
        ]
    ],
    [
        14,
        [
            8,
            [
                9,
                0
            ]
        ]
    ]
]

E 68
[
    [
        [
            [
                7,
                0
            ],
            [
                7,
                7
            ]
        ],
        [
            [
                20,
                0
            ],
            [
                14,
                21
            ]
        ]
    ],
    [
        14,
        [
            8,
            [
                9,
                0
            ]
        ]
    ]
]

S 69
[
    [
        [
            [
                7,
                0
            ],
            [
                7,
                7
            ]
        ],
        [
            [
                [10,10],
                0
            ],
            [
                14,
                21
            ]
        ]
    ],
    [
        14,
        [
            8,
            [
                9,
                0
            ]
        ]
    ]
]

E 70
[
    [
        [
            [
                7,
                0
            ],
            [
                7,
                17
            ]
        ],
        [
            [
                0,
                10
            ],
            [
                14,
                21
            ]
        ]
    ],
    [
        14,
        [
            8,
            [
                9,
                0
            ]
        ]
    ]
]

S 71
[
    [
        [
            [
                7,
                0
            ],
            [
                7,
                [8,9]
            ]
        ],
        [
            [
                0,
                10
            ],
            [
                14,
                21
            ]
        ]
    ],
    [
        14,
        [
            8,
            [
                9,
                0
            ]
        ]
    ]
]

E 72
[
    [
        [
            [
                7,
                0
            ],
            [
                15,
                0
            ]
        ],
        [
            [
                9,
                10
            ],
            [
                14,
                21
            ]
        ]
    ],
    [
        14,
        [
            8,
            [
                9,
                0
            ]
        ]
    ]
]

S 73
[
    [
        [
            [
                7,
                0
            ],
            [
                [7,8],
                0
            ]
        ],
        [
            [
                9,
                10
            ],
            [
                14,
                21
            ]
        ]
    ],
    [
        14,
        [
            8,
            [
                9,
                0
            ]
        ]
    ]
]

E 74
[
    [
        [
            [
                7,
                7
            ],
            [
                0,
                8
            ]
        ],
        [
            [
                9,
                10
            ],
            [
                14,
                21
            ]
        ]
    ],
    [
        14,
        [
            8,
            [
                9,
                0
            ]
        ]
    ]
]

S 75
[
    [
        [
            [
                7,
                7
            ],
            [
                0,
                8
            ]
        ],
        [
            [
                9,
                [5,5]
            ],
            [
                14,
                21
            ]
        ]
    ],
    [
        14,
        [
            8,
            [
                9,
                0
            ]
        ]
    ]
]

E 76
[
    [
        [
            [
                7,
                7
            ],
            [
                0,
                8
            ]
        ],
        [
            [
                14,
                0
            ],
            [
                19,
                21
            ]
        ]
    ],
    [
        14,
        [
            8,
            [
                9,
                0
            ]
        ]
    ]
]

S 77
[
    [
        [
            [
                7,
                7
            ],
            [
                0,
                8
            ]
        ],
        [
            [
                [7,7],
                0
            ],
            [
                19,
                21
            ]
        ]
    ],
    [
        14,
        [
            8,
            [
                9,
                0
            ]
        ]
    ]
]

E 78
[
    [
        [
            [
                7,
                7
            ],
            [
                0,
                15
            ]
        ],
        [
            [
                0,
                7
            ],
            [
                19,
                21
            ]
        ]
    ],
    [
        14,
        [
            8,
            [
                9,
                0
            ]
        ]
    ]
]

S 79
[
    [
        [
            [
                7,
                7
            ],
            [
                0,
                [7,8]
            ]
        ],
        [
            [
                0,
                7
            ],
            [
                19,
                21
            ]
        ]
    ],
    [
        14,
        [
            8,
            [
                9,
                0
            ]
        ]
    ]
]

E 80
[
    [
        [
            [
                7,
                7
            ],
            [
                7,
                0
            ]
        ],
        [
            [
                8,
                7
            ],
            [
                19,
                21
            ]
        ]
    ],
    [
        14,
        [
            8,
            [
                9,
                0
            ]
        ]
    ]
]

S 81
[
    [
        [
            [
                7,
                7
            ],
            [
                7,
                0
            ]
        ],
        [
            [
                8,
                7
            ],
            [
                [9,10],
                21
            ]
        ]
    ],
    [
        14,
        [
            8,
            [
                9,
                0
            ]
        ]
    ]
]

E 82
[
    [
        [
            [
                7,
                7
            ],
            [
                7,
                0
            ]
        ],
        [
            [
                8,
                16
            ],
            [
                0,
                31
            ]
        ]
    ],
    [
        14,
        [
            8,
            [
                9,
                0
            ]
        ]
    ]
]

S 83
[
    [
        [
            [
                7,
                7
            ],
            [
                7,
                0
            ]
        ],
        [
            [
                8,
                [8,8]
            ],
            [
                0,
                31
            ]
        ]
    ],
    [
        14,
        [
            8,
            [
                9,
                0
            ]
        ]
    ]
]

E 84
[
    [
        [
            [
                7,
                7
            ],
            [
                7,
                0
            ]
        ],
        [
            [
                16,
                0
            ],
            [
                8,
                31
            ]
        ]
    ],
    [
        14,
        [
            8,
            [
                9,
                0
            ]
        ]
    ]
]

S 85
[
    [
        [
            [
                7,
                7
            ],
            [
                7,
                0
            ]
        ],
        [
            [
                [8,8],
                0
            ],
            [
                8,
                31
            ]
        ]
    ],
    [
        14,
        [
            8,
            [
                9,
                0
            ]
        ]
    ]
]

E 86
[
    [
        [
            [
                7,
                7
            ],
            [
                7,
                8
            ]
        ],
        [
            [
                0,
                8
            ],
            [
                8,
                31
            ]
        ]
    ],
    [
        14,
        [
            8,
            [
                9,
                0
            ]
        ]
    ]
]


S 87
[
    [
        [
            [
                7,
                7
            ],
            [
                7,
                8
            ]
        ],
        [
            [
                0,
                8
            ],
            [
                8,
                [15,16]
            ]
        ]
    ],
    [
        14,
        [
            8,
            [
                9,
                0
            ]
        ]
    ]
]

E 88
[
    [
        [
            [
                7,
                7
            ],
            [
                7,
                8
            ]
        ],
        [
            [
                0,
                8
            ],
            [
                23,
                0
            ]
        ]
    ],
    [
        30,
        [
            8,
            [
                9,
                0
            ]
        ]
    ]
]

S 89
[
    [
        [
            [
                7,
                7
            ],
            [
                7,
                8
            ]
        ],
        [
            [
                0,
                8
            ],
            [
                [11,12],
                0
            ]
        ]
    ],
    [
        30,
        [
            8,
            [
                9,
                0
            ]
        ]
    ]
]

E 90
[
    [
        [
            [
                7,
                7
            ],
            [
                7,
                8
            ]
        ],
        [
            [
                0,
                19
            ],
            [
                0,
                12
            ]
        ]
    ],
    [
        30,
        [
            8,
            [
                9,
                0
            ]
        ]
    ]
]

S 91
[
    [
        [
            [
                7,
                7
            ],
            [
                7,
                8
            ]
        ],
        [
            [
                0,
                [9,10]
            ],
            [
                0,
                12
            ]
        ]
    ],
    [
        30,
        [
            8,
            [
                9,
                0
            ]
        ]
    ]
]

E 92
[
    [
        [
            [
                7,
                7
            ],
            [
                7,
                8
            ]
        ],
        [
            [
                9,
                0
            ],
            [
                10,
                12
            ]
        ]
    ],
    [
        30,
        [
            8,
            [
                9,
                0
            ]
        ]
    ]
]

S 93
[
    [
        [
            [
                7,
                7
            ],
            [
                7,
                8
            ]
        ],
        [
            [
                9,
                0
            ],
            [
                [5,5],
                12
            ]
        ]
    ],
    [
        30,
        [
            8,
            [
                9,
                0
            ]
        ]
    ]
]

E 94
[
    [
        [
            [
                7,
                7
            ],
            [
                7,
                8
            ]
        ],
        [
            [
                9,
                5
            ],
            [
                0,
                17
            ]
        ]
    ],
    [
        30,
        [
            8,
            [
                9,
                0
            ]
        ]
    ]
]

S 95
[
    [
        [
            [
                7,
                7
            ],
            [
                7,
                8
            ]
        ],
        [
            [
                9,
                5
            ],
            [
                0,
                [8,9]
            ]
        ]
    ],
    [
        30,
        [
            8,
            [
                9,
                0
            ]
        ]
    ]
]

E 96
[
    [
        [
            [
                7,
                7
            ],
            [
                7,
                8
            ]
        ],
        [
            [
                9,
                5
            ],
            [
                8,
                0
            ]
        ]
    ],
    [
        39,
        [
            8,
            [
                9,
                0
            ]
        ]
    ]
]


S 97
[
    [
        [
            [
                7,
                7
            ],
            [
                7,
                8
            ]
        ],
        [
            [
                9,
                5
            ],
            [
                8,
                0
            ]
        ]
    ],
    [
        [19,20],
        [
            8,
            [
                9,
                0
            ]
        ]
    ]
]

S 98
[
    [
        [
            [
                7,
                7
            ],
            [
                7,
                8
            ]
        ],
        [
            [
                9,
                5
            ],
            [
                8,
                0
            ]
        ]
    ],
    [
        [
            [
                9,
                10
            ],
            20
        ],
        [
            8,
            [
                9,
                0
            ]
        ]
    ]
]

S 99
[
    [
        [
            [
                7,
                7
            ],
            [
                7,
                8
            ]
        ],
        [
            [
                9,
                5
            ],
            [
                8,
                0
            ]
        ]
    ],
    [
        [
            [
                9,
                [5,5]
            ],
            20
        ],
        [
            8,
            [
                9,
                0
            ]
        ]
    ]
]

E 100 !!!!
[
    [
        [
            [
                7,
                7
            ],
            [
                7,
                8
            ]
        ],
        [
            [
                9,
                5
            ],
            [
                8,
                0
            ]
        ]
    ],
    [
        [
            [
                14,
                0
            ],
            25
        ],
        [
            8,
            [
                9,
                0
            ]
        ]
    ]
]

S 101
[
    [
        [
            [
                7,
                7
            ],
            [
                7,
                8
            ]
        ],
        [
            [
                9,
                5
            ],
            [
                8,
                0
            ]
        ]
    ],
    [
        [
            [
                [7,7],
                0
            ],
            25
        ],
        [
            8,
            [
                9,
                0
            ]
        ]
    ]
]

E 102
[
    [
        [
            [
                7,
                7
            ],
            [
                7,
                8
            ]
        ],
        [
            [
                9,
                5
            ],
            [
                8,
                7
            ]
        ]
    ],
    [
        [
            [
                0,
                7
            ],
            25
        ],
        [
            8,
            [
                9,
                0
            ]
        ]
    ]
]

S 103
[
    [
        [
            [
                7,
                7
            ],
            [
                7,
                8
            ]
        ],
        [
            [
                9,
                5
            ],
            [
                8,
                7
            ]
        ]
    ],
    [
        [
            [
                0,
                7
            ],
            [
                12,
                13
            ]
        ],
        [
            8,
            [
                9,
                0
            ]
        ]
    ]
]

S 104
[
    [
        [
            [
                7,
                7
            ],
            [
                7,
                8
            ]
        ],
        [
            [
                9,
                5
            ],
            [
                8,
                7
            ]
        ]
    ],
    [
        [
            [
                0,
                7
            ],
            [
                [6,6],
                13
            ]
        ],
        [
            8,
            [
                9,
                0
            ]
        ]
    ]
]

E 105
[
    [
        [
            [
                7,
                7
            ],
            [
                7,
                8
            ]
        ],
        [
            [
                9,
                5
            ],
            [
                8,
                7
            ]
        ]
    ],
    [
        [
            [
                0,
                13
            ],
            [
                0,
                19
            ]
        ],
        [
            8,
            [
                9,
                0
            ]
        ]
    ]
]

S 106
[
    [
        [
            [
                7,
                7
            ],
            [
                7,
                8
            ]
        ],
        [
            [
                9,
                5
            ],
            [
                8,
                7
            ]
        ]
    ],
    [
        [
            [
                0,
                [6,7]
            ],
            [
                0,
                19
            ]
        ],
        [
            8,
            [
                9,
                0
            ]
        ]
    ]
]

E 107
[
    [
        [
            [
                7,
                7
            ],
            [
                7,
                8
            ]
        ],
        [
            [
                9,
                5
            ],
            [
                8,
                7
            ]
        ]
    ],
    [
        [
            [
                6,
                0
            ],
            [
                7,
                19
            ]
        ],
        [
            8,
            [
                9,
                0
            ]
        ]
    ]
]

S 108
[
    [
        [
            [
                7,
                7
            ],
            [
                7,
                8
            ]
        ],
        [
            [
                9,
                5
            ],
            [
                8,
                7
            ]
        ]
    ],
    [
        [
            [
                6,
                0
            ],
            [
                7,
                [9,10]
            ]
        ],
        [
            8,
            [
                9,
                0
            ]
        ]
    ]
]

E 109
[
    [
        [
            [
                7,
                7
            ],
            [
                7,
                8
            ]
        ],
        [
            [
                9,
                5
            ],
            [
                8,
                7
            ]
        ]
    ],
    [
        [
            [
                6,
                0
            ],
            [
                16,
                0
            ]
        ],
        [
            18,
            [
                9,
                0
            ]
        ]
    ]
]

S 110
[
    [
        [
            [
                7,
                7
            ],
            [
                7,
                8
            ]
        ],
        [
            [
                9,
                5
            ],
            [
                8,
                7
            ]
        ]
    ],
    [
        [
            [
                6,
                0
            ],
            [
                [8,8],
                0
            ]
        ],
        [
            18,
            [
                9,
                0
            ]
        ]
    ]
]

E 111
[
    [
        [
            [
                7,
                7
            ],
            [
                7,
                8
            ]
        ],
        [
            [
                9,
                5
            ],
            [
                8,
                7
            ]
        ]
    ],
    [
        [
            [
                6,
                8
            ],
            [
                0,
                8
            ]
        ],
        [
            18,
            [
                9,
                0
            ]
        ]
    ]
]

S 112
[
    [
        [
            [
                7,
                7
            ],
            [
                7,
                8
            ]
        ],
        [
            [
                9,
                5
            ],
            [
                8,
                7
            ]
        ]
    ],
    [
        [
            [
                6,
                8
            ],
            [
                0,
                8
            ]
        ],
        [
            [
                9,
                9
            ],
            [
                9,
                0
            ]
        ]
    ]
]